0.000000000000000000e+00 2.623809523809523744e-02 2.358815958815958791e-02 0.000000000000000000e+00 0.000000000000000000e+00 5.574486675404106799e-03 3.706469002695417236e-02 1.505963506898086272e-02 2.076190476190476267e-02 3.190476190476190799e-02
3.133333333333333803e-02 5.677992277992277570e-02 4.263492063492062972e-02 3.144011544011543480e-02 4.389832689832690038e-02 4.018546365914787283e-02 5.207254116599911026e-02 2.510324483775811660e-02 3.510441240716469929e-02 2.142857142857143224e-02
5.809523809523810430e-03 2.063203463203463345e-02 6.114285714285713769e-02 4.437566137566137381e-02 8.039682539682539708e-02 8.212219227313566350e-02 1.098800149981252333e-01 9.399065420560748230e-02 2.685714285714285721e-02 4.820346320346319963e-02
9.047619047619047394e-03 8.136657681940701048e-02 1.581341991341991271e-01 2.661481481481481337e-01 1.275238095238095115e-01 1.364743935309973011e-01 1.257965367965367953e-01 8.165608465608466260e-02 8.687912087912087744e-02 6.892879394748553656e-02
1.476190476190476254e-02 3.323943035157988363e-02 3.106931216931217432e-01 4.369820305480682787e-01 3.637474120082815898e-01 2.025137844611528681e-01 9.443114543114543291e-02 1.313822874944370334e-01 2.787662337662337730e-01 6.953910004368719922e-02
2.314285714285714557e-02 4.902801120448179589e-02 1.079739442946990036e-01 1.615714285714285881e-01 2.980032362459546502e-01 4.261428571428571010e-01 3.651264367816092204e-01 2.077409879839786366e-01 1.540832177531206715e-01 8.397827092001848570e-02
5.714285714285714801e-02 6.098995194408039083e-02 5.233333333333332893e-02 6.230278526504941239e-02 1.846798679867986959e-01 5.053333333333333011e-01 3.732857142857142208e-01 2.231208791208791342e-01 8.447526583448913828e-02 1.714285714285714371e-02
9.833333333333332815e-02 9.074988441978731890e-02 1.666795366795366939e-01 1.296623376623376733e-01 3.080476190476190146e-01 8.320576671035385674e-01 9.305714285714286049e-01 9.849047619047619495e-01 4.075714285714285290e-01 8.005679335954564435e-02
1.859523809523809523e-01 2.139084249084249045e-01 3.301684981684981368e-01 3.653549783549783769e-01 4.674047619047619340e-01 9.421428571428570597e-01 9.518095238095238830e-01 9.518095238095238830e-01 9.781428571428570917e-01 9.662380952380952293e-01
3.397490347490347840e-01 4.473333333333333051e-01 5.367402597402597397e-01 5.120346320346320645e-01 4.323650793650793411e-01 2.112282120395328200e-01 9.614761904761904843e-01 9.664761904761904887e-01 9.731428571428570873e-01 9.631428571428570784e-01
